1 0.000006
2 0.000012
3 0.000018
4 0.000023
5 0.000028
6 0.000034
7 0.000040
8 0.000045
9 0.000050
10 0.000055
20 0.000110
30 0.000165
40 0.000219
50 0.000274
60 0.000328
70 0.000384
80 0.000439
90 0.000495
100 0.000548
200 0.001096
300 0.001644
400 0.002192
500 0.002740
600 0.003294
700 0.003835
800 0.004385
900 0.004932
1000 0.005479
2000 0.010958
3000 0.016437
4000 0.021917
5000 0.027396
6000 0.032875
7000 0.038354
8000 0.043834
9000 0.049312
10000 0.054790
20000 0.109585
30000 0.164370
40000 0.219159
50000 0.273949
60000 0.328746
70000 0.383536
80000 0.438322
90000 0.493118
100000 0.547898
200000 1.095803
300000 1.643684
400000 2.191598
500000 2.739512
600000 3.287388
700000 3.835279
800000 4.383198
900000 4.931088
1000000 5.478999
2000000 10.957921
3000000 16.436890
4000000 21.915871
5000000 27.394861
6000000 32.873898
7000000 38.352783
8000000 43.831711
9000000 49.310802
10000000 54.789825
20000000 109.579636
30000000 164.369034
40000000 219.163391
50000000 273.946716
60000000 328.741638
70000000 383.523834
80000000 438.312134
90000000 493.099884
100000000 547.891418
