1 0.000002
2 0.000002
3 0.000001
4 0.000001
5 0.000001
6 0.000002
7 0.000001
8 0.000001
9 0.000002
10 0.000001
20 0.000002
30 0.000003
40 0.000003
50 0.000004
60 0.000004
70 0.000005
80 0.000006
90 0.000007
100 0.000007
200 0.000013
300 0.000018
400 0.000025
500 0.000030
600 0.000035
700 0.000041
800 0.000046
900 0.000052
1000 0.000057
2000 0.000114
3000 0.000169
4000 0.000226
5000 0.000282
6000 0.000338
7000 0.000394
8000 0.000449
9000 0.000506
10000 0.000564
20000 0.001125
30000 0.001687
40000 0.002250
50000 0.002811
60000 0.003372
70000 0.003936
80000 0.004497
90000 0.005059
100000 0.005621
200000 0.011230
300000 0.016855
400000 0.022477
500000 0.028091
600000 0.033715
700000 0.039335
800000 0.044960
900000 0.050570
1000000 0.056190
2000000 0.112374
3000000 0.168562
4000000 0.224784
5000000 0.280950
6000000 0.337142
7000000 0.393305
8000000 0.449487
9000000 0.505727
10000000 0.561900
20000000 1.123818
30000000 1.685585
40000000 2.247383
50000000 2.809384
60000000 3.371148
70000000 3.933329
80000000 4.495043
90000000 5.056544
100000000 5.619043
