1 0.000002
2 0.000002
3 0.000003
4 0.000003
5 0.000004
6 0.000004
7 0.000005
8 0.000005
9 0.000006
10 0.000007
20 0.000012
30 0.000017
40 0.000024
50 0.000029
60 0.000034
70 0.000040
80 0.000045
90 0.000051
100 0.000056
200 0.000111
300 0.000166
400 0.000221
500 0.000276
600 0.000331
700 0.000385
800 0.000441
900 0.000496
1000 0.000551
2000 0.001100
3000 0.001649
4000 0.002198
5000 0.002748
6000 0.003296
7000 0.003847
8000 0.004396
9000 0.004945
10000 0.005494
20000 0.010986
30000 0.016479
40000 0.021971
50000 0.027465
60000 0.032958
70000 0.038450
80000 0.043941
90000 0.049436
100000 0.054928
200000 0.109855
300000 0.164780
400000 0.219709
500000 0.274625
600000 0.329548
700000 0.384480
800000 0.439404
900000 0.494338
1000000 0.549246
2000000 1.098503
3000000 1.647767
4000000 2.197026
5000000 2.746276
6000000 3.295564
7000000 3.844792
8000000 4.394053
9000000 4.943287
10000000 5.493773
20000000 10.985081
30000000 16.477596
40000000 21.970491
50000000 27.462633
60000000 32.955196
70000000 38.447689
80000000 43.940144
90000000 49.432720
100000000 54.925255
