1 0.000002
2 0.000001
3 0.000001
4 0.000001
5 0.000002
6 0.000001
7 0.000002
8 0.000001
9 0.000001
10 0.000001
20 0.000001
30 0.000002
40 0.000001
50 0.000002
60 0.000002
70 0.000001
80 0.000001
90 0.000002
100 0.000002
200 0.000002
300 0.000004
400 0.000005
500 0.000005
600 0.000005
700 0.000006
800 0.000007
900 0.000008
1000 0.000008
2000 0.000014
3000 0.000021
4000 0.000029
5000 0.000035
6000 0.000042
7000 0.000049
8000 0.000056
9000 0.000063
10000 0.000069
20000 0.000138
30000 0.000206
40000 0.000274
50000 0.000341
60000 0.000410
70000 0.000479
80000 0.000548
90000 0.000615
100000 0.000684
200000 0.001366
300000 0.002046
400000 0.002728
500000 0.003410
600000 0.004092
700000 0.004773
800000 0.005454
900000 0.006137
1000000 0.006819
2000000 0.013634
3000000 0.020453
4000000 0.027269
5000000 0.034086
6000000 0.040903
7000000 0.047719
8000000 0.054536
9000000 0.061353
10000000 0.068170
20000000 0.136339
30000000 0.204512
40000000 0.272679
50000000 0.340844
60000000 0.409018
70000000 0.477185
80000000 0.545357
90000000 0.613528
100000000 0.681692
